124
8957
12176
5857
4609
1332
5423
830
3896
185
1993
27203
7276
26890
261
7048
187
20666
9796
26646
3451
2056
1125
894
1512
879
4816
924
211
309
5233
73
43
99
5462
163
14
8699
147
78
3879
118
6
3818
803
297
2691
82
48
0
394
4
14234
9
1525
24
10029
4
4
12570
7146
0
3646
3146
35
157
15399
13
96
5365
475
6913
4957
0
10
0
2651
24
6047
183
100
1036
13286
218
585
294
11931
145
25
2111
389
1057
5432
91
6
3371
576
78
2048
232
295
0
1314
18
9985
1934
8260
14506
3983
2286
2541
938
2665
225
390
12624
7938
23939
4149
5756
587
40534
19823
11913
2900
1980
1465
3253
905
252
2058
23
10
17
3162
1748
11
27
3969
3
8
2414
22
24
3649
11
0
1574
46
808
2564
1
30
0
572
3
4761
116
18
80
7579
66
1136
1706
5360
3
18
3975
579
1862
3108
40
0
4610
289
118
2351
2
130
0
1626
8
9083
180
69
84
11808
198
43
74
10146
4
31
1327
588
763
9922
116
5
3097
168
1652
1750
18
296
0
6134
6
15079
3086
25796
10536
4011
4333
4456
274
420
75
1905
10251
5146
32173
15270
5070
288
4498
23572
16657
1772
5182
76
486
55
4586
638
1
0
4
511
0
0
5
180
2
1
2
2
4
508
2
0
8
0
1
787
0
0
0
6
0
1252
148
37
38
4877
124
21
257
2458
17
72
755
160
444
494
65
0
192
408
138
255
8
199
0
436
2
16385
485
838
1397
22754
538
577
164
20428
6
511
11350
984
741
12706
1082
7
112
696
2323
4306
761
214
3
13929
25
12851
2636
55
46
11739
143
21
50
10951
6
18
253
2024
757
8289
4384
2
62
277
43
2409
44
65
0
2204
4
12292
956
8481
9528
21031
2137
12853
913
14898
340
1346
1229
986
2422
11817
1480
331
1306
6391
19322
2128
1033
692
74
1306
385
2421
3212
7759
5513
1732
1486
7525
760
4102
95
1058
12290
12136
28141
4635
10993
218
19233
10588
8792
12887
3714
2586
1352
603
490
7986
128
78
32
10767
97
39
12158
6660
12
42
4797
138
382
8390
2027
2
9381
2181
3190
2407
3
134
0
1383
0
2
0
0
0
2
0
0
0
4
0
0
0
0
0
1
0
1
1
0
0
3563
0
0
0
0
0
23123
1923
3835
3678
22941
953
2010
1462
22750
109
1194
1865
4781
2808
21694
2423
82
3653
3658
5678
3845
1101
654
7
6043
67
5422
263
6242
143
11117
276
153
7116
11774
41
1009
2220
5549
1559
5849
5566
681
156
13835
21499
6348
70
798
0
2034
10
13900
280
1053
88
28342
467
124
11722
29981
32
40
2235
581
475
14744
222
9
13712
763
3242
4579
47
727
1
5504
137
2717
3264
2898
2358
1996
553
1403
60
2600
43
289
9632
5940
18853
671
3089
21
8827
14452
5451
27
257
17
244
82
137
3098
0
3
1
10421
0
1
0
4073
0
2
4
0
5
1509
0
0
33
8
0
271
12
0
0
81
3
2923
132
32
143
2064
80
28
903
2231
1
97
372
89
564
2136
49
2
425
217
88
62
1
57
0
101
11
746
29
392
10
506
30
7
116
1399
0
2
41
26
9
569
553
10
7
56
778
161
2
24
0
579
1
1380
289
1678
1136
941
142
742
159
613
3
47
2980
1796
1694
1242
2671
4
1583
2349
1624
103
16
204
166
4
135
1613
12
9
15
3568
2
7
6
677
0
4
127
4
4
1333
3
0
8
7
11
69
2
6
0
306
271
0
3
2
4
0
3
3
2
1
0
1
31
20
19
0
4
0
12
7
3
1
0
0
0
0
0
382
295
4
105
313
1
1
22
1275
23
4
5308
5
23
453
1
0
198
199
9
214
1
7
0
73
1
608
3
767
1
2573
1
0
1704
1021
0
1088
136
19
13
839
0
88
731
9
1842
394
0
1
0
248
0
407
37
21
336
1102
40
32
79
1079
132
5
117
197
43
411
21
3
389
96
21
165
218
46
0
147
6
214
4
77
89
12
19
25
2
44
0
0
78
154
185
278
13
3
318
110
139
31
19
5
3
2
1
40
1
1
5
90
491
3
1
59
0
2
38
0
3
38
0
0
26
2
428
11
0
3
0
4
0
470
18
0
10
1536
4
435
49
812
0
1
135
123
340
618
12
0
372
29
11
231
1
19
0
88
0
110
1
0
11
122
1
4
1
62
0
2
23
38
7
68
2
0
8
9
5
58
3
5
0
39
1
45
15
151
204
16
6
79
3
10
4
44
691
140
1270
35
17
2
449
271
274
3
29
9
0
5
24
50
1
0
0
27
0
0
1
16
0
0
1
1
4
44
1
0
6
0
0
23
0
0
0
0
0
166
6
3
4
835
10
0
33
501
0
10
25
7
5
49
3
0
19
13
20
40
0
11
0
39
2
1587
193
469
287
1481
80
325
15
3983
2
269
4505
463
390
1130
264
5
42
161
543
384
275
45
2
393
6
821
653
9
5
1135
22
4
13
1388
0
3
62
579
123
614
858
0
14
70
10
148
1
22
0
252
3
1442
31
2041
2255
1239
50
1734
127
2898
38
504
180
27
751
1148
21
40
29
1080
5374
305
20
38
22
149
52
0
5
11
7
3
2
2
1
5
0
1
21
4
16
1
4
0
66
17
11
8
3
2
1
1
1
420
19
3
7
554
9
0
2425
468
4
4
208
21
37
650
895
0
189
253
362
157
0
18
0
165
0
0
0
0
0
0
0
0
0
3
0
0
0
0
0
0
0
1
0
0
0
182
0
0
0
0
0
1889
605
1406
1952
1094
103
472
52
3297
5
388
463
566
386
775
504
37
780
500
1945
111
126
85
6
1522
18
299
20
508
5
718
7
8
599
1069
1
143
30
402
6
303
364
44
2
1386
3252
182
1
16
0
162
2
1220
32
356
4
7308
43
4
1852
9384
2
7
116
91
24
3267
13
0
953
79
866
640
4
47
0
178
12
10
46
181
265
14
20
203
4
13
5
22
308
99
257
0
52
6
595
310
854
0
17
5
84
2
7
346
0
2
1
855
0
1
0
564
0
0
0
0
2
217
0
0
3
4
0
23
3
0
0
28
0
206
42
8
29
79
35
6
14
58
0
77
95
25
140
29
9
1
16
42
17
2
0
9
0
25
1
63
8
4
1
47
2
2
6
404
0
1
13
10
2
104
5
0
0
3
12
4
0
16
0
40
0
188
40
14
13
165
39
12
9
79
0
0
59
71
23
46
12
0
12
108
17
15
1
44
0
1
2
84
0
0
8
159
1
2
1
211
0
0
3
1
2
277
0
0
0
1
3
31
0
0
0
35
48
6
172
669
73
48
17
124
39
105
7
46
636
45
584
4
54
4
768
494
629
48
10
17
8
46
25
100
0
0
0
247
0
0
0
178
0
0
215
1
0
49
0
0
30
1
0
10
0
0
0
85
0
37
0
0
0
6
0
0
22
7
0
0
21
0
0
83
0
0
16
0
0
15
0
0
0
4
0
18
0
0
0
64
0
0
0
63
0
0
0
0
0
112
0
0
6
0
0
46
0
0
0
0
0
406
46
169
376
129
109
160
82
39
15
24
605
82
567
9
64
17
1352
362
251
3
25
81
9
30
23
12
0
0
0
7
0
0
0
10
0
0
9
0
0
14
0
0
5
0
0
16
0
0
0
0
0
5
0
0
0
11
0
0
0
1
0
0
12
0
0
4
0
0
5
0
0
1
0
1
0
3
0
32
0
0
0
17
0
1
0
4
0
0
0
0
0
28
0
0
1
0
0
8
0
0
0
8
0
401
126
372
169
77
117
101
6
22
8
7
1497
50
549
464
80
27
296
308
636
63
33
3
4
5
21
4
0
0
0
111
0
0
0
2
0
0
0
0
0
6
0
0
0
0
0
40
0
0
0
0
0
2
0
0
0
2
0
0
3
6
0
0
0
0
0
0
0
0
0
0
0
0
0
0
0
0
0
657
0
0
0
5969
0
0
0
572
0
0
0
0
1
342
0
0
0
0
0
172
0
0
0
1010
0
44
0
0
0
39
0
0
1
38
0
0
0
0
0
14
0
0
0
0
0
10
0
0
0
1
0
12
0
0
0
23
0
0
0
8
0
0
0
0
0
25
0
0
0
0
0
10
0
0
0
0
0
320
60
77
127
16
8
85
28
103
3
27
473
84
407
294
45
2
537
163
234
309
38
143
113
118
7
18
0
0
0
21
0
0
7
5
0
0
8
0
0
16
0
0
30
0
0
9
0
0
0
4
0
0
0
0
0
0
0
0
0
0
0
0
0
0
0
0
0
0
0
0
0
6
0
0
0
0
0
1382
0
0
0
518
0
0
3
728
0
0
0
0
0
901
0
0
0
0
0
188
0
0
0
101
0
15
0
91
1
148
1
0
12
71
0
2
3
5
1
91
16
2
0
0
295
29
1
0
0
6
0
33
0
0
0
76
8
0
10
27
0
0
22
2
0
12
0
0
60
1
0
31
0
1
0
2
0
7
40
145
62
4
39
60
3
59
1
24
660
149
162
16
6
0
475
378
344
0
0
0
8
14
18
7
0
0
0
42
0
0
0
24
0
0
0
0
0
9
0
0
0
0
0
0
0
0
0
0
0
7
0
0
0
12
0
0
1
5
0
0
0
0
0
22
0
0
1
0
0
0
0
0
0
0
0
0
0
0
0
0
0
0
0
0
0
0
0
0
0
0
0
0
0
0
0
0
0
0
0
0
0
5
1
14
1
14
1
5
8
14
0
0
30
2
3
13
5
0
38
30
41
1
0
7
1
1
0
0
0
0
0
0
0
0
0
1
0
0
0
0
0
2
0
0
0
0
0
0
0
0
0
1
0
8
336
314
231
81
45
54
38
61
16
50
5539
339
1235
9
642
4
1958
450
2260
283
130
15
2
32
6
4
0
0
0
1
0
0
0
0
0
0
1
0
0
2
0
0
1
0
0
0
0
0
0
0
0
199
0
0
0
209
0
0
150
269
0
0
82
0
0
283
0
0
34
0
0
261
0
0
0
38
0
2
0
0
0
4
0
0
0
0
0
0
0
0
0
15
0
0
0
0
0
1
0
0
0
2
0
1034
39
46
379
38
68
14
11
156
0
1
820
239
1487
730
930
2
1257
412
481
24
11
38
0
10
0
0
0
0
0
0
0
0
0
0
0
0
2
0
0
0
0
0
0
0
0
2
0
0
0
0
0
0
0
0
0
0
0
0
0
0
0
0
0
0
0
1
0
0
3
0
0
0
0
0
0
0
0
1882
66
43
40
1940
53
14
22
2588
1
13
506
161
312
1859
66
0
957
58
228
312
8
105
0
611
3
987
152
216
717
259
299
32
0
13
1
0
410
76
992
545
380
3
353
608
760
64
124
0
1
0
161
0
0
0
0
0
0
0
0
0
0
0
0
0
0
0
0
0
0
0
0
0
0
0
0
0
0
138
95
24
16
733
67
11
67
273
11
12
384
75
85
52
35
0
30
219
50
11
2
99
0
102
0
777
0
0
0
909
0
0
0
572
0
0
0
0
0
566
0
0
0
0
0
250
0
0
0
82
0
15
0
0
0
6
0
0
0
5
0
0
0
0
1
6
0
0
0
0
0
1
0
0
0
1
0
2
0
0
0
82
0
0
0
33
0
0
0
0
0
40
0
0
0
0
0
0
0
0
0
0
0
393
164
622
219
351
80
306
145
311
6
19
1392
1970
3964
148
1301
22
1433
708
487
1084
168
100
47
29
23
2
0
0
0
0
0
0
8
1
0
0
0
0
0
0
0
0
2
0
0
0
0
0
0
0
0
0
0
0
0
0
0
0
0
0
0
0
0
0
0
0
0
0
0
0
0
95
0
0
0
0
0
1154
0
0
0
987
0
0
0
891
0
0
0
0
0
1587
0
0
0
0
0
395
0
0
0
364
0
2
0
0
0
0
0
0
2
5
0
0
1
0
0
6
0
0
0
0
10
0
0
0
0
0
0
664
0
0
1
592
26
0
8
2508
0
0
63
13
36
1241
2
0
607
5
1
458
0
3
0
251
0
48
141
36
43
25
26
3
0
55
3
1
2111
496
157
48
186
0
737
476
408
3
2
0
0
2
0
0
0
0
0
0
0
0
0
0
0
0
0
0
0
0
0
0
0
0
0
0
0
0
0
0
0
3
0
0
0
1
0
0
0
2
0
0
0
1
0
3
0
0
0
0
0
0
0
0
0
0
0
0
0
0
0
0
0
0
0
0
0
0
0
0
0
0
0
0
0
0
0
0
0
0
0
0
0
220
7
250
9
24
0
33
1
1
0
1
148
53
75
36
76
0
29
316
377
0
0
1
3
0
2
18
0
0
0
6
0
0
0
0
0
0
0
0
0
0
0
0
0
0
0
0
0
0
0
0
0
2
360
414
39
1540
15
125
23
133
1
20
772
240
533
6
89
2
377
100
543
68
29
41
10
121
41
38
0
0
0
30
0
0
0
24
0
0
5
0
0
45
0
0
22
0
0
19
0
0
0
0
0
33
0
0
0
1
0
0
11
0
0
0
10
0
0
12
0
0
20
0
0
12
0
0
0
1
0
49
0
0
0
270
3
0
20
198
0
0
299
3
1
35
0
0
21
5
0
26
0
0
0
89
0
625
160
898
759
143
400
99
119
137
24
12
649
663
1648
141
398
25
3233
981
291
83
253
80
96
8
7
41
0
0
0
8
0
0
0
43
0
0
22
0
0
27
0
0
5
0
0
72
0
0
0
0
0
15
0
0
0
433
0
0
0
56
0
2
6
20
0
3
0
0
21
0
0
6
0
1
0
22
0
75
0
0
0
100
0
0
0
25
1
0
0
0
0
60
1
0
2
1
0
10
1
0
0
7
0
1698
164
1283
267
302
307
305
30
40
2
43
265
195
1409
750
346
1
126
2757
766
331
337
2
17
5
204
23
0
0
0
18
0
0
0
7
0
0
0
0
0
17
0
0
0
0
0
78
0
0
0
1
0
3
0
0
0
8
0
0
0
10
0
0
0
0
4
0
0
0
0
0
0
0
0
0
0
0
0
47
0
0
1
750
0
0
0
259
0
0
0
0
0
33
0
0
0
0
0
11
0
0
0
1011
0
128
0
0
0
52
0
0
0
127
0
0
0
0
0
80
0
0
0
0
0
2
0
0
0
0
0
21
0
0
0
998
0
0
0
7
0
0
0
0
0
23
0
0
0
0
4
4
0
0
0
0
0
79
70
391
136
48
33
223
28
83
1
14
364
806
874
105
307
2
418
325
214
284
50
298
107
3
25
25
0
0
0
7
0
0
1
13
0
0
10
0
0
13
0
0
22
0
0
0
0
0
0
0
0
0
0
0
0
0
0
0
0
0
0
0
0
0
0
0
0
0
0
0
0
6
0
0
0
0
0
797
0
0
0
315
0
0
0
691
0
0
0
0
0
1314
0
0
0
0
0
155
0
0
0
100
0
7
7
16
0
25
0
0
71
28
0
7
7
58
2
48
26
0
0
0
98
9
0
9
0
5
0
11
0
0
0
3
0
0
31
20
0
0
0
0
0
4
0
0
4
2
0
0
0
0
0
0
0
134
48
562
19
43
13
10
2
21
1
17
367
104
120
85
66
1
170
201
20
7
9
0
2
1
0
45
0
0
0
116
0
0
0
52
0
0
0
0
0
18
0
0
0
0
0
0
0
0
0
0
0
101
0
0
0
48
0
0
4
63
0
0
0
0
0
74
0
0
5
0
0
0
0
0
0
0
0
0
0
0
0
0
0
0
0
0
0
0
0
0
0
0
0
0
0
0
0
0
0
0
0
0
0
17
14
8
8
23
6
10
8
43
0
10
183
73
262
4
22
0
4
174
30
1
0
13
0
0
0
1
0
0
0
3
0
0
0
1
0
0
0
0
0
8
0
0
0
0
0
1
0
0
0
0
0
1
467
488
1100
796
146
132
15
6
0
301
966
339
961
3
134
2
1295
728
1159
122
182
37
7
2
10
273
34
0
7
304
3
0
0
173
0
1
78
2
0
313
0
0
461
6
25
212
0
2
0
4
0
725
4
92
21
511
0
1
593
710
0
347
244
1
5
1138
10
2
383
12
2917
481
0
0
0
90
5
345
33
14
117
704
35
177
15
1252
3
3
863
25
808
361
7
1
296
34
11
330
0
23
0
49
0
27
36
112
705
1
38
11
23
45
1
123
304
143
408
2
353
0
396
111
301
2
65
34
0
1
78
202
0
1
3
275
209
1
2
332
0
0
224
2
3
251
1
0
146
4
68
466
0
2
0
25
1
655
3
0
0
307
1
102
6
345
0
0
114
109
66
236
4
0
316
14
0
190
0
1
0
28
0
137
0
0
0
338
0
1
0
41
0
1
5
7
8
225
0
0
9
4
2
35
0
1
0
88
0
79
9
103
175
4
74
257
0
7
1
20
93
108
641
79
24
0
123
428
220
5
93
0
3
2
47
36
0
0
2
52
0
0
0
2
0
0
0
0
0
42
0
0
0
0
0
91
0
0
0
0
0
33
4
1
2
74
1
0
8
79
0
19
16
2
35
9
4
0
0
4
12
4
0
1
0
9
0
992
45
75
257
2441
119
19
30
2161
3
28
2367
172
11
801
161
0
21
122
263
178
107
47
0
1384
7
1442
492
4
9
1233
12
1
1
2497
1
0
28
126
106
1075
617
0
1
20
0
175
10
7
0
37
0
1009
58
1881
1732
3897
115
330
105
1954
38
31
173
56
534
1681
20
7
78
1226
7635
283
62
69
0
215
268
45
89
228
115
26
55
217
21
62
0
9
458
218
267
1
435
0
200
232
211
1184
18
13
16
3
24
535
10
5
4
406
15
6
1218
1024
0
4
194
15
6
359
55
0
514
163
919
203
0
20
0
28
0
0
0
0
0
0
0
0
0
0
0
0
0
0
0
0
0
0
0
0
0
586
0
0
0
0
0
3286
701
1459
595
2826
679
689
288
4636
93
123
937
2252
1119
3391
839
30
1153
2162
1375
284
791
451
1
1165
24
206
59
805
12
679
4
1
378
1531
0
36
39
254
30
676
497
205
3
10595
2427
277
1
38
0
68
1
1425
30
109
6
2092
34
0
919
1871
2
7
114
47
30
729
7
0
1842
56
768
182
2
79
0
241
20
8
4
247
680
6
1
42
11
6
0
20
36
376
53
13
90
0
756
196
328
0
10
1
18
0
5
333
0
0
0
802
0
0
0
484
0
0
1
0
1
299
0
0
14
1
0
25
1
0
0
10
2
299
14
7
23
210
13
5
49
233
0
0
32
14
12
280
6
0
35
57
20
1
0
6
0
16
0
373
0
365
6
201
16
2
91
333
0
0
13
5
3
218
542
10
4
43
695
121
0
0
0
57
1
77
21
5
15
171
19
4
9
48
1
1
34
24
21
15
5
0
14
32
4
0
0
20
1
1
0
26
2
4
1
67
0
1
0
55
0
1
2
0
1
31
1
0
3
0
0
3
1
0
0
13
24
0
75
454
39
7
5
35
6
118
1
13
213
106
200
1
2
3
238
185
179
82
54
13
2
4
3
5
0
0
0
6
0
0
0
3
0
0
0
0
0
9
0
0
0
0
0
0
0
0
0
0
0
2
0
0
0
0
0
0
0
1
0
0
0
0
0
3
0
0
1
0
0
3
0
0
0
0
0
3
0
0
0
0
0
0
0
1
0
0
0
0
0
11
0
0
0
0
0
0
0
0
0
0
0
181
26
307
107
106
12
6
4
66
0
5
218
93
192
18
2
0
1335
181
110
56
25
18
5
3
7
64
7
6
1
453
0
4
6
425
0
3
212
9
6
76
2
0
95
24
3
81
0
9
0
44
0
3
0
0
0
0
0
0
2
2
0
0
0
0
0
3
0
0
1
0
0
0
0
0
0
0
0
4
0
0
0
9
0
0
0
0
0
0
0
0
0
8
0
0
0
0
0
0
0
0
0
5
0
174
201
1044
172
389
16
140
0
3
0
6
304
18
507
9
3
1
233
492
142
1
14
0
88
2
11
1
0
0
0
2
0
0
0
0
0
0
0
0
0
0
0
0
0
0
0
0
0
0
0
0
0
2
0
0
0
0
0
0
0
5
0
0
0
0
0
0
0
0
0
0
0
0
0
0
0
1
0
568
0
0
0
469
0
0
0
248
0
0
0
0
0
586
0
0
0
0
0
471
0
0
0
84
0
18
0
0
0
4
0
0
0
0
0
0
0
0
0
0
0
0
0
0
0
0
0
0
0
0
0
0
0
0
0
20
0
0
0
2
0
0
0
0
0
0
0
0
0
0
0
1
0
0
0
1
0
24
6
51
19
13
4
46
3
53
0
1
353
9
73
244
14
0
2422
67
10
155
18
30
31
6
2
2
0
0
0
2
0
0
0
2
0
0
0
0
0
0
0
0
5
0
0
0
0
0
0
0
0
0
0
0
0
0
0
0
0
0
0
0
0
0
0
0
0
0
0
0
0
0
0
0
0
0
0
535
0
0
0
291
0
0
0
299
0
0
0
0
0
296
0
0
0
0
0
146
0
0
0
7
0
3
2
5
0
5
0
0
13
4
0
4
0
2
0
0
1
0
0
0
3
0
0
0
0
0
0
31
7
0
2
266
5
3
13
64
0
0
33
18
9
7
5
0
1
24
3
3
0
18
0
33
0
0
3
24
13
8
3
92
0
3
1
0
1590
71
181
0
0
0
227
272
62
0
0
0
0
1
6
0
0
0
0
1
0
0
0
0
0
0
0
0
0
0
0
0
0
0
0
0
0
0
0
0
0
11
0
0
0
3
0
0
0
11
0
0
0
0
0
5
0
0
0
0
0
0
0
0
0
0
0
0
0
0
0
0
0
0
0
0
0
0
0
0
0
0
0
0
0
0
0
0
0
0
0
0
0
0
0
0
1
1
0
0
0
48
0
1
2
3
0
1
0
0
1
0
0
0
0
1
0
0
0
0
0
0
0
2
0
0
0
1
0
0
0
0
0
0
0
0
0
0
0
0
0
0
0
0
0
0
165
52
81
65
10
72
11
107
2
5
766
446
714
10
60
0
561
489
707
91
21
25
0
25
54
25
0
0
0
24
0
0
0
15
0
0
2
0
0
36
0
0
2
0
0
8
0
0
0
4
0
3
0
0
0
0
0
0
1
0
0
0
1
0
0
6
0
0
3
0
0
4
0
0
0
0
0
31
0
0
0
1
0
0
0
9
0
0
0
0
0
33
0
0
1
0
0
3
0
0
0
1
0
313
42
26
370
73
41
4
16
39
0
5
408
188
2289
397
20
0
1324
295
229
36
4
45
0
26
1
5
0
0
0
2
0
0
0
20
0
0
3
0
0
4
0
0
4
0
0
28
0
0
0
0
0
117
1
2
0
393
2
0
2
225
0
0
208
1
2
13
1
0
80
3
0
5
0
0
0
70
0
84
41
3
5
120
17
8
19
60
2
1
25
16
9
84
4
0
9
15
1003
12
0
12
0
11
0
594
144
1137
132
73
47
76
2
15
1
2
234
41
875
355
15
0
123
808
392
88
84
0
0
0
89
3
0
0
0
0
0
0
0
0
0
0
0
0
0
0
0
0
0
0
0
0
0
0
0
0
0
10
0
0
0
0
0
0
0
5
0
0
0
0
0
3
0
0
0
0
0
0
0
0
0
0
0
361
0
0
0
639
0
0
0
355
0
0
0
0
0
645
0
0
0
0
0
195
0
0
0
1818
0
326
0
0
0
105
0
0
1
39
0
0
1
0
0
78
0
0
0
0
0
6
0
0
0
10
0
463
1
1
1
626
4
0
2
309
0
0
15
21
2
310
1
0
1
3
4
21
0
2
0
3
0
55
75
70
104
41
12
156
9
113
0
2
192
156
736
114
121
1
276
185
214
207
60
27
1
15
3
6
0
0
0
4
0
0
1
12
0
0
4
0
0
3
0
0
6
0
0
4
0
0
0
0
0
0
0
0
0
0
0
0
0
0
0
0
0
0
0
0
0
0
0
0
0
0
0
0
0
0
0
3059
0
0
0
540
0
0
0
370
0
0
0
0
0
481
0
0
1
0
0
151
0
0
0
21
0
6
2
4
2
6
0
1
26
7
0
6
2
15
1
17
7
0
0
0
79
2
0
2
0
1
0
19
0
0
0
0
0
0
43
16
0
0
0
0
0
26
0
0
11
0
0
1
0
0
0
0
0
330
18
1
18
380
8
9
4
417
0
1
423
118
106
29
4
0
195
174
81
0
3
0
0
10
9
2
0
0
0
0
0
0
0
0
0
0
0
0
0
0
0
0
0
0
0
0
0
0
0
0
0
31
0
0
0
18
0
0
1
25
0
0
0
0
0
45
0
0
1
0
0
6
0
0
0
3
0
0
0
0
0
0
0
0
0
0
0
0
0
0
0
0
0
0
0
0
0
0
0
0
0
0
0
14
1
1
4
1
0
2
0
6
0
0
28
63
201
1
51
0
143
3
2
0
3
1
0
0
0
8
0
0
0
0
0
0
0
0
0
0
0
0
0
0
0
0
0
0
0
0
0
0
0
0
0
12
472
255
132
343
80
598
25
206
7
117
1800
478
1325
18
313
3
1409
351
387
208
97
117
1
62
53
24
0
0
0
25
0
0
0
15
0
0
5
0
0
71
0
0
23
0
0
17
0
0
0
0
0
8
0
0
0
0
0
0
9
1
0
0
7
0
0
24
0
0
13
0
0
7
0
0
0
0
0
11
0
0
0
15
0
0
0
13
0
0
0
0
0
14
0
0
25
0
0
5
0
0
0
0
0
1494
62
317
703
389
30
56
6
264
0
15
854
1178
1054
368
225
5
3032
499
753
66
57
65
251
23
4
16
0
0
0
3
0
0
0
14
0
0
10
0
0
8
0
0
2
0
0
145
0
0
0
0
0
14
0
0
0
2
0
0
0
2
0
0
1
0
0
14
0
0
7
0
0
3
0
0
0
0
0
7
0
0
0
26
0
0
0
2
0
0
0
0
0
34
0
0
0
0
0
1
0
0
0
3
0
746
157
1435
382
252
111
154
7
32
2
31
1131
158
1439
480
1351
4
351
970
506
93
62
1
4
3
285
2
0
0
0
1
0
0
0
0
0
0
0
0
0
1
0
0
0
0
0
0
0
0
0
0
0
10
0
0
0
9
0
0
1
6
0
0
0
0
2
1
0
0
0
0
0
1
0
0
0
1
0
83
0
0
0
342
0
0
3
169
0
0
1
0
0
418
0
0
1
0
1
7
0
0
0
297
0
182
0
0
0
180
0
0
0
86
0
0
1
4
0
92
1
0
0
2
0
9
0
0
0
4
0
46
0
0
1
331
1
0
0
175
0
1
1
0
4
160
0
0
0
10
0
13
0
0
0
11
0
113
345
311
329
165
22
307
11
179
6
44
1123
706
1135
649
585
3
1775
626
781
690
56
115
35
19
20
16
0
0
0
7
0
0
3
17
0
0
13
0
0
23
0
0
31
0
0
6
0
0
0
0
0
0
0
0
0
0
0
0
0
0
0
0
0
0
0
0
0
0
0
0
0
5
0
0
0
0
0
406
1
0
1
330
0
0
0
469
0
0
1
1
0
1617
0
0
0
2
0
91
0
2
0
172
0
15
0
5
1
14
0
1
25
17
0
4
4
8
1
31
5
0
0
0
32
0
0
1
0
1
0
35
5
5
2
253
56
1
523
83
2
2
73
22
31
18
3
0
14
48
4
9
0
26
0
35
0
53
32
50
28
23
29
33
6
27
8
12
66
388
207
2
12
0
335
321
78
0
5
0
0
3
9
7
0
0
0
4
0
0
0
7
0
0
0
0
0
0
0
0
0
0
0
0
0
0
0
0
0
122
0
0
0
42
0
0
7
34
0
0
0
0
0
87
0
0
2
0
0
1
0
0
0
1
0
0
0
0
0
0
0
0
0
0
0
0
0
0
0
0
0
0
0
0
0
0
0
0
0
0
0
101
28
105
840
32
2
127
12
21
0
1
768
299
103
182
1162
0
257
593
505
11
1
2
11
0
2
2
0
0
0
4
0
0
0
0
0
0
0
0
0
0
0
0
0
0
0
0
0
0
0
0
0
2
429
804
138
80
4
166
32
4
1
20
2782
180
3726
9
145
2
430
427
1402
23
9
1
24
0
89
217
165
4
1
342
0
1
3
505
0
1
1014
1
6
103
0
0
412
13
0
233
0
6
0
12
0
6426
0
50
1
901
3
0
956
1841
0
933
205
6
62
1284
2
5
726
450
584
967
0
7
0
161
0
2459
3
2
224
2398
6
128
16
1528
1
1
137
11
87
527
9
0
82
37
7
192
2
19
0
115
0
14
27
130
501
0
102
49
7
9
1
19
208
35
799
0
25
4
708
219
317
33
161
55
12
4
18
93
0
0
2
788
325
0
0
1182
0
0
168
0
0
948
0
0
27
0
187
128
0
0
0
455
0
463
6
0
5
532
8
204
968
395
0
0
133
176
594
306
3
0
302
16
7
215
0
16
0
25
8
31
0
0
1
65
1
0
0
41
0
0
2
0
1
36
0
0
2
0
0
22
0
0
0
68
0
3
0
1
231
0
30
0
0
0
0
1
1
3
41
3
3
0
0
13
21
0
0
1
0
0
0
18
0
0
0
6
0
0
0
6
2
1
1
1
0
16
0
0
0
0
0
22
0
0
0
0
0
98
0
0
1
1487
0
0
13
129
0
10
7
0
3
36
0
0
4
7
2
16
1
1
0
3
0
770
49
29
195
1116
33
26
34
2885
0
79
2232
82
16
761
35
0
23
62
187
152
94
30
0
786
6
738
308
4
2
947
13
2
2
705
1
3
25
367
71
423
1118
0
14
47
2
162
0
7
0
38
0
3042
75
1299
1388
5395
654
8872
161
2101
58
455
125
61
448
1708
39
161
34
926
3054
441
338
79
35
91
11
50
83
295
260
56
33
283
25
158
2
11
722
333
9661
3
451
2
296
486
473
1453
35
4
37
0
11
460
18
17
3
506
9
4
481
316
5
7
389
32
27
374
464
0
142
170
321
139
0
24
0
49
0
1
0
0
0
0
0
0
0
0
0
0
0
0
0
0
0
0
1
0
0
285
0
0
0
0
0
477
22
359
278
725
12
69
18
565
0
74
133
146
39
435
39
3
472
98
197
81
11
23
0
41
1
600
90
1125
92
1305
112
98
2686
795
34
111
146
3843
34
950
607
54
109
892
6332
161
11
21
0
76
1
1632
15
246
1
3963
30
4
1266
3138
2
8
113
51
39
829
8
0
570
53
600
630
1
25
0
3092
42
1
1
2
0
3
0
0
0
0
0
1
1
1413
25
0
4
0
105
194
15
0
2
0
0
0
0
545
0
0
0
3627
0
0
0
722
0
0
1
0
1
248
0
0
2
0
0
29
7
0
0
14
1
29
0
0
0
7
0
0
2
32
0
0
0
0
0
6
0
0
0
0
0
0
0
0
0
0
0
45
2
0
0
48
2
0
3
59
0
0
5
1
1
27
3
0
0
3
49
1
0
1
0
8
0
32
0
0
0
11
0
0
0
1
0
0
0
0
2
5
0
0
0
0
0
3
0
0
0
0
0
1201
0
0
0
2915
0
2
0
105
0
0
2
1
0
218
1
0
1
0
2
4
0
0
0
9
108
1
22
150
21
2
0
26
9
21
4
10
13
48
56
3
21
1
66
31
10
19
10
29
0
10
10
1
0
0
0
0
0
0
0
0
0
0
0
0
0
0
0
0
0
0
0
0
0
0
0
0
0
0
0
0
0
0
0
0
0
0
0
0
0
0
0
0
0
0
0
0
0
0
0
0
0
0
0
2
0
0
0
0
0
0
0
1
0
0
0
0
0
0
0
0
0
0
0
0
0
0
0
0
0
15
0
237
4
19
3
0
3
1
18
0
27
6
15
10
1
1
45
39
23
2
2
21
1
0
4
0
0
0
0
0
0
0
0
0
0
0
0
0
0
0
0
0
0
0
0
0
0
0
0
0
0
0
0
0
0
0
0
0
0
0
0
0
0
0
0
0
0
0
0
0
0
0
0
0
0
0
0
2
0
0
0
1
0
0
0
0
0
0
0
0
0
2
0
0
0
0
0
0
0
0
0
0
0
4
16
8
5
2
3
21
1
0
0
5
12
12
43
0
2
1
5
3
15
0
4
0
1
0
0
2
0
0
0
0
0
0
0
0
0
0
0
0
0
0
0
0
0
0
0
0
0
0
0
0
0
0
0
0
0
0
0
0
0
0
0
0
0
0
0
0
0
0
0
0
0
0
0
0
0
0
0
0
0
0
0
0
0
0
0
1
0
0
0
0
0
0
0
0
0
0
0
0
0
0
0
0
0
2
0
0
0
0
0
0
0
0
0
0
0
0
0
0
0
0
0
0
0
0
0
0
0
0
0
3
0
0
0
0
0
0
0
0
0
0
0
0
0
1
0
0
0
0
0
0
0
0
0
0
0
2
31
41
3
4
0
12
10
96
1
16
41
0
20
5
1
0
41
16
7
68
14
15
0
49
1
0
0
0
0
0
0
0
0
0
0
0
0
0
0
0
0
0
0
0
0
2
0
0
0
0
0
0
0
0
0
0
0
0
0
0
0
0
0
0
0
0
0
0
0
0
0
0
0
0
0
0
0
6
0
0
0
1
0
0
0
1
0
0
0
0
0
0
0
0
0
0
0
0
0
0
0
0
0
0
0
0
0
0
0
0
0
0
0
0
0
0
0
0
0
0
0
0
0
0
0
0
0
0
0
1
0
0
0
0
0
0
0
0
0
0
0
0
0
0
0
0
0
0
0
0
0
0
0
0
0
4
24
3
128
2
1
98
0
11
5
6
14
44
131
0
6
0
136
105
26
0
31
0
11
0
0
0
0
0
0
0
0
0
0
0
0
0
0
0
0
0
0
0
0
0
0
0
0
0
0
0
0
0
0
0
0
0
0
0
0
0
0
0
0
0
0
0
0
0
0
0
0
0
0
0
0
0
0
0
0
0
0
0
0
0
0
0
0
0
0
0
0
0
0
0
0
0
0
0
0
0
0
0
0
0
0
0
0
0
0
0
0
0
0
0
1
0
2
0
0
0
0
0
0
0
0
0
0
0
0
0
0
0
0
0
0
0
0
0
0
0
0
0
0
0
0
0
0
0
0
0
0
0
0
0
0
1
172
7
39
4
9
45
30
43
4
16
134
55
126
11
24
0
166
44
120
7
9
22
2
14
6
23
0
0
0
20
0
0
0
29
0
0
2
0
0
37
0
0
19
0
0
18
0
0
0
0
0
7
0
0
0
0
0
0
9
2
0
0
4
0
0
4
0
0
9
0
0
2
0
0
0
0
0
10
0
0
0
2
0
0
0
1
0
0
0
0
0
19
0
0
6
0
0
0
0
0
0
0
0
38
33
7
321
197
26
9
25
18
1
6
222
40
345
6
33
0
1313
64
357
8
7
49
2
119
0
14
0
0
0
7
0
0
0
32
0
0
8
0
0
11
0
0
5
0
0
46
0
0
0
0
0
3
0
0
0
1
0
0
0
1
0
0
0
0
0
5
0
0
5
0
0
6
0
0
0
0
0
78
0
0
0
59
0
0
0
14
0
0
4
3
1
65
1
0
2
0
5
7
1
3
0
2
1
84
15
29
41
85
12
0
5
1
3
8
185
45
1323
19
38
0
72
236
167
6
11
4
0
6
5
7
0
0
0
3
0
0
0
0
0
0
0
0
0
4
0
0
0
0
0
3
0
0
0
0
0
19
0
0
0
23
0
0
0
6
0
0
1
0
9
11
0
0
0
0
0
2
0
0
0
0
0
42
0
0
0
434
0
0
0
161
0
0
0
0
0
28
0
0
0
0
0
8
0
0
0
82
0
123
0
0
0
16
0
0
0
5
0
0
0
0
0
12
0
0
0
0
0
4
0
0
0
0
0
54
0
0
0
127
0
0
0
78
0
0
0
0
0
170
0
0
0
0
0
20
0
0
0
2
0
8
12
7
11
7
9
4
4
20
1
26
46
28
79
24
27
0
44
25
26
30
8
9
3
1
1
7
0
0
0
8
0
0
1
12
0
0
5
0
0
13
0
0
16
0
0
3
0
0
0
0
0
0
0
0
0
0
0
0
0
0
0
0
0
0
0
0
0
0
0
0
0
0
0
0
0
0
0
60
0
0
0
21
0
0
0
32
0
0
0
0
0
52
0
0
0
0
0
17
0
0
0
9
0
12
2
8
0
22
1
2
58
29
0
9
10
28
4
32
15
0
0
0
81
8
0
9
0
4
0
21
0
0
0
12
0
0
13
24
0
0
0
0
0
52
0
0
7
0
0
2
0
1
0
3
1
9
4
2
4
3
0
2
2
2
0
7
57
34
28
0
20
0
30
16
13
0
1
0
0
1
0
4
0
0
0
2
0
0
0
2
0
0
0
0
0
0
0
0
0
0
0
0
0
0
0
0
0
65
0
0
0
27
0
0
3
35
0
0
0
0
0
66
0
0
3
0
0
0
0
0
0
0
0
0
0
0
0
0
0
0
0
0
0
0
0
0
0
0
0
0
0
0
0
0
0
0
0
0
0
24
1
1
2
4
2
0
1
8
0
0
54
9
3
1
8
0
13
7
1
3
0
6
0
0
0
2
0
0
0
0
0
0
0
0
0
0
0
0
0
0
0
0
0
0
0
0
0
0
0
0
0
9
763
1231
384
355
17
506
58
374
4
83
119
754
2068
12
300
13
2482
1549
3360
314
293
136
99
265
86
69
0
0
0
93
0
0
0
71
0
0
8
0
0
101
0
0
16
0
0
115
0
0
0
4
0
196
0
0
0
54
0
0
115
145
0
1
7
0
0
196
0
0
14
0
8
72
0
0
0
28
0
87
21
9
1
391
22
3
19
186
0
1
52
14
22
97
5
1
36
36
9
18
0
20
0
19
0
915
274
1125
1102
288
118
544
104
287
10
12
247
606
2341
420
497
8
1526
3016
1156
443
183
169
275
150
2
71
5
1
3
34
7
1
15
89
0
3
35
4
3
76
6
0
25
8
5
78
0
11
0
2
0
94
0
0
0
132
0
0
2
210
0
0
11
0
0
59
0
0
27
0
0
28
0
0
0
13
0
39
0
0
0
52
0
0
0
6
0
0
0
0
0
53
0
0
0
0
0
2
0
0
0
11
0
1451
288
2107
708
414
599
749
17
42
6
1420
123
536
3364
816
481
117
72
2114
3517
125
235
12
34
2
1130
2
0
0
0
0
0
0
0
1
0
0
0
0
0
1
0
0
0
0
0
2
0
0
0
0
0
112
1
2
1
69
5
2
9
58
1
1
18
10
2
13
0
0
2
21
1
3
2
14
0
43
0
1891
63
16
24
1408
56
5
41
1992
1
2
1
74
26
1352
25
0
8
53
23
553
1
57
0
3001
0
244
1
1
1
153
1
3
1
204
0
0
10
2
1
232
1
0
0
16
0
34
0
3
0
18
0
16
0
0
0
684
0
1
1
11
0
0
1
1
0
10
0
0
1
0
0
9
0
0
0
0
0
202
370
837
316
91
43
2833
46
452
3
30
144
464
675
378
783
131
1024
1090
724
994
149
712
46
90
38
94
1
0
0
66
9
0
513
180
0
0
20
2
3
57
0
0
39
2
27
21
0
4
0
5
0
0
0
0
0
0
0
0
0
0
0
0
0
0
0
0
0
0
0
0
0
7
0
0
0
0
0
16
0
0
0
7
0
0
0
9
0
0
0
0
0
43
0
0
0
0
0
6
0
0
0
29
0
73
2
3
0
86
1
2
78
153
0
13
1
18
1
71
9
0
0
2
92
15
0
5
0
8
0
204
4
7
1
327
12
0
115
634
1
0
29
19
5
111
9
0
282
16
1
189
0
11
0
82
14
44
153
281
157
212
26
76
5
84
3
34
144
849
245
135
64
1
269
798
529
0
88
1
85
4
0
213
0
0
0
361
0
0
0
133
0
0
0
0
0
21
0
0
0
1
0
30
0
0
0
2
0
68
0
0
0
23
0
0
6
38
0
0
0
0
0
74
0
0
5
0
0
0
0
0
0
0
0
0
0
0
0
0
0
0
0
0
0
0
0
0
0
0
0
0
0
0
0
0
0
0
0
1
0
95
66
301
50
28
17
102
39
62
0
5
71
272
58
72
360
0
41
429
273
5
6
29
8
0
81
6
1
0
0
9
1
0
0
6
0
0
0
0
0
1
0
0
0
0
0
0
0
0
0
0
0
9
178
652
164
99
13
459
44
218
33
550
1088
138
3289
9
73
10
970
675
2985
61
12
19
92
44
69
331
3
2
10
421
5
0
6
343
0
3
321
8
4
385
3
0
431
12
1
230
0
3
0
27
0
7
0
0
0
4
0
0
9
9
0
0
5
0
0
10
0
0
9
0
0
1
0
0
0
1
0
10
0
0
0
5
0
0
0
7
0
0
1
0
1
8
0
0
5
0
0
8
0
0
0
0
0
271
17
170
691
70
37
180
12
52
2
13
882
168
3175
73
18
2
1519
627
2659
9
13
55
7
11
13
3
0
0
0
13
0
0
0
17
0
0
15
0
0
40
0
0
11
0
0
42
0
0
0
2
0
6
0
0
0
3
0
0
0
1
0
0
0
0
0
2
0
0
1
0
0
5
0
0
0
3
0
5
0
0
0
11
0
0
0
2
0
0
0
0
0
24
1
0
1
0
0
1
0
0
0
2
0
743
58
2050
650
81
163
159
64
11
10
20
644
172
2384
142
180
19
225
1852
989
75
33
7
75
2
184
4
0
0
0
0
0
0
0
0
0
0
0
0
0
1
0
0
0
0
0
1
0
0
0
0
0
2
0
0
0
4
0
0
1
9
1
0
0
0
0
0
0
0
0
0
0
0
0
0
0
0
0
12
0
0
0
110
0
0
0
71
0
0
0
0
0
16
0
0
0
0
0
3
0
0
0
40
0
439
0
0
0
622
0
0
1
329
0
0
4
0
0
357
0
0
0
0
0
217
0
0
0
53
0
119
1
1
0
120
0
0
0
291
0
0
7
0
1
153
0
0
0
0
1
24
0
2
0
1
0
37
111
272
364
118
10
328
29
190
4
58
500
213
2174
223
334
2
1322
509
615
726
89
24
11
15
15
551
8
2
1
681
10
1
680
275
0
12
593
11
11
472
6
1
371
64
265
157
0
11
0
61
0
0
0
0
0
0
0
0
0
0
0
0
0
0
0
0
0
0
0
0
0
2
0
0
0
0
0
16
0
0
0
4
0
0
0
7
0
0
0
0
0
26
0
0
0
0
0
3
0
0
0
5
0
11
4
21
2
22
2
2
42
24
0
9
3
9
0
31
20
0
0
1
53
1
0
2
0
5
0
3
0
0
0
2
0
0
12
12
0
0
0
1
0
3
0
0
3
0
0
1
0
0
0
2
0
1
1
147
102
6
24
46
1
9
1
6
742
81
289
0
1
2
165
510
243
0
0
0
1
3
13
3
0
0
0
9
0
0
0
25
0
0
0
0
0
7
0
0
0
0
0
0
0
0
0
0
0
15
0
0
0
10
0
0
2
14
0
0
0
0
0
24
0
0
0
0
0
0
0
0
0
0
0
0
0
0
0
0
0
0
0
0
0
0
0
0
0
0
0
0
0
0
0
0
0
0
0
0
0
45
2
220
48
139
0
31
2
40
0
2
86
1
7
241
3
0
137
99
86
0
0
3
70
0
17
1
0
0
0
1
0
0
0
2
0
0
0
0
0
0
0
0
0
0
0
0
0
0
0
0
0
9
732
730
337
364
49
333
30
201
4
98
2442
499
721
10
492
6
1104
485
2533
166
145
54
41
18
26
134
0
0
0
261
0
0
0
65
0
0
95
0
0
143
0
0
127
0
0
128
0
0
0
3
0
425
0
0
0
2323
0
0
1514
621
0
8
323
2
0
1558
1
0
366
0
417
355
0
0
0
771
0
825
49
22
7
3080
61
17
52
1620
3
4
322
65
30
741
26
1
821
118
13
447
1
71
0
237
1
490
128
411
911
257
136
178
27
162
3
7
545
468
454
416
299
66
1551
7862
969
798
103
138
474
191
10
262
0
0
0
365
1
0
0
334
0
0
284
0
0
364
0
0
278
0
0
249
0
0
0
0
0
421
54
11
20
1344
36
7
98
776
3
13
2121
38
373
391
14
0
347
191
83
683
0
51
0
65
0
258
0
0
0
245
0
0
0
71
0
0
0
0
0
181
0
0
0
0
0
84
0
1
0
68
0
1843
92
2592
614
184
586
251
26
49
3
30
260
423
1486
498
205
22
69
2476
1813
268
159
3
15
5
986
54
0
0
0
53
0
0
0
11
0
0
0
0
0
69
0
0
1
0
0
147
0
0
0
2
0
91
18
3
3
304
22
6
23
200
0
0
143
15
47
14
8
0
22
48
32
12
0
25
0
71
0
140
0
0
0
343
0
0
0
377
0
0
0
0
0
109
0
0
0
0
0
32
0
0
0
227
0
291
0
0
0
312
0
0
0
118
0
0
0
0
1
186
0
0
0
0
0
66
0
0
0
12
0
439
0
1
0
778
0
1
3
582
0
1
4
0
0
274
0
0
0
6
0
138
0
1
0
163
0
56
309
641
326
94
80
500
39
457
2
13
638
994
3155
78
756
5
596
991
655
977
173
189
72
23
27
250
0
0
0
209
1
0
49
80
0
0
127
0
1
147
0
0
506
8
1
99
0
0
0
2
0
0
0
0
0
0
0
0
0
0
0
0
0
0
0
0
0
0
0
0
0
331
0
0
0
0
0
106
0
0
0
802
0
0
14
125
0
0
0
0
0
122
0
0
1
0
0
67
0
0
0
69
0
449
9
336
11
770
96
14
446
1040
1
47
139
149
40
472
450
16
9
12
868
693
51
101
0
78
0
2232
8
8
6
3734
32
29
1515
3647
4
1
703
57
156
1036
12
0
1551
76
1
329
1
63
0
110
13
134
62
180
43
43
46
25
0
49
0
11
286
285
164
43
38
1
214
269
197
3
4
0
2
1
7
155
0
0
0
427
0
0
0
275
0
0
0
0
0
143
0
0
0
0
0
29
0
0
0
4
0
194
0
0
0
113
0
0
29
138
0
0
0
0
0
165
0
0
53
0
0
0
0
0
0
0
0
0
0
0
0
1
0
0
0
20
0
0
1
1
0
0
0
0
1
1
1
0
0
1
0
0
0
45
6
90
3
12
3
0
11
32
0
0
157
210
2
21
5
0
5
21
5
2
1
22
19
0
0
71
1
0
5
77
0
0
2
43
0
0
0
0
0
135
1
0
0
1
2
1
0
0
0
41
0
0
32
249
271
10
20
69
4
4
1
56
157
91
295
1
62
7
370
127
402
40
7
2
30
0
10
470
169
12
23
311
9
1
2
639
66
1
396
7
16
241
4
0
249
221
77
159
31
11
0
30
0
1018
0
403
0
963
0
0
1194
420
0
897
278
4
11
886
0
1
478
3
431
338
0
0
0
542
1
427
15
18
145
946
16
75
27
1089
1
9
106
25
8
965
14
0
120
60
7
216
0
42
0
347
4
48
67
156
71
4
14
11
12
46
0
5
271
76
237
66
60
10
133
107
171
7
23
5
44
7
1
77
3
0
1
137
291
0
0
151
0
0
119
2
8
69
1
0
35
3
93
68
0
3
0
9
0
532
18
3
11
1290
12
179
28
1555
0
0
333
41
309
298
4
0
1684
22
13
183
1
20
0
965
0
76
0
0
0
235
0
0
0
83
0
0
7
16
27
89
2
0
4
0
0
40
0
0
0
172
0
26
5
260
2230
46
8
20
0
2
0
15
277
32
484
39
4
0
58
392
130
0
3
0
4
0
20
18
0
0
0
37
0
0
0
8
0
0
0
0
0
15
1
0
0
0
0
16
0
0
0
0
0
84
9
2
4
362
4
0
8
149
0
6
33
15
4
67
3
0
14
26
7
25
0
13
0
33
0
1127
25
57
519
1348
78
26
20
2233
0
74
927
53
6
3008
87
0
6
80
187
546
156
15
1
1255
3
2527
416
7
3
2950
50
2
6
1378
1
5
34
577
199
1374
926
0
12
33
14
116
1
10
0
1039
0
2825
82
1086
1180
2490
533
995
80
3832
115
82
265
177
294
1776
289
39
271
1362
1856
215
398
87
2
515
38
5
19
45
1027
25
492
62
10
52
3
397
380
285
421
0
233
0
164
195
669
24
31
1
5
2
32
822
13
10
5
1216
10
9
3423
1127
1
11
728
38
54
1116
338
0
333
351
647
242
1
25
0
388
0
0
0
0
0
0
0
0
0
0
0
0
0
0
0
0
0
0
0
0
0
217
0
0
0
0
0
1753
297
354
717
1843
60
361
176
2526
6
529
172
1653
767
1222
858
6
784
565
1857
161
24
71
0
1027
8
580
3
876
0
1411
0
9
89
1875
2
46
26
230
9
549
948
24
0
758
2625
215
0
8
0
187
2
743
27
82
1
1032
14
9
1367
1159
1
4
71
35
9
1852
15
2
730
54
475
160
0
37
0
391
3
25
123
187
109
18
17
337
1
26
4
22
190
55
1304
2
120
5
647
8383
1342
0
18
4
4
1
8
335
0
1
0
2874
0
0
0
373
0
2
0
0
1
102
0
0
2
1
0
26
0
0
0
7
0
160
75
17
91
529
32
17
48
165
1
20
242
49
412
17
34
1
22
117
51
5
1
42
0
35
10
154
17
17
3
69
6
3
14
449
0
1
8
6
3
82
3
0
1
5
9
9
2
5
0
379
0
145
2
8
20
51
12
1
6
49
0
0
47
18
5
28
2
0
1
37
5
3
0
3
0
0
0
15
0
0
0
71
0
0
1
41
0
0
10
0
0
273
0
0
0
0
0
2
0
0
0
52
17
3
133
375
118
74
0
198
20
190
6
12
1075
49
1039
4
227
8
2359
487
1272
106
61
49
20
76
6
16
0
0
0
20
0
0
0
7
0
0
6
0
0
34
0
0
28
0
0
17
0
0
0
0
0
19
0
0
0
0
0
0
13
1
0
0
4
0
0
22
0
0
14
0
0
5
0
0
0
0
0
10
0
0
0
2
0
0
0
1
0
0
0
0
0
12
0
0
7
0
0
0
0
0
0
0
0
383
24
657
673
163
30
52
10
55
9
10
501
35
1226
53
126
0
5097
184
596
69
1
52
69
16
28
9
0
0
0
7
1
0
0
11
0
0
18
0
0
7
0
0
5
0
0
38
0
0
0
0
0
9
0
0
0
1
0
0
0
6
0
0
3
0
0
2
0
0
12
0
0
6
0
0
0
0
0
2277
1
0
0
1140
0
0
1
2481
0
0
224
1
15
2782
1
0
507
2
365
168
0
2
0
2090
1
317
22
1119
427
297
59
205
4
9
2
50
467
67
1261
138
206
14
468
689
721
49
15
0
8
0
37
8
0
0
0
2
0
0
0
0
0
0
0
0
0
2
0
0
0
0
0
0
0
0
0
0
0
1
0
0
0
11
0
0
0
25
0
0
0
0
5
0
0
0
0
0
0
0
0
0
0
0
0
1872
0
0
0
1343
0
0
0
653
0
0
0
0
0
499
0
0
0
0
0
359
0
0
0
78
0
68
0
0
0
41
0
0
0
4
0
0
0
0
0
23
0
0
0
0
0
2
0
0
0
0
0
4
0
0
0
270
0
0
0
11
0
0
0
0
0
95
0
0
0
0
0
2
0
0
0
0
0
27
35
269
659
132
10
177
21
296
1
61
1468
215
677
145
398
2
1476
1422
530
301
22
73
17
6
13
131
0
0
0
619
0
0
11
263
0
0
244
0
0
320
0
0
291
2
0
65
0
0
0
71
0
0
0
0
0
0
0
0
0
0
0
0
0
0
0
0
0
0
0
0
0
2
0
0
0
0
0
608
0
0
0
3974
0
0
0
923
0
0
0
0
0
3852
0
0
0
0
0
115
0
0
0
31
0
104
1
11
0
694
0
0
56
427
0
3
9
8
4
146
16
0
0
1
93
64
0
7
0
418
0
281
1
5
0
717
3
0
14
1055
0
0
21
1
14
598
0
0
70
5
0
182
0
2
0
55
0
6
118
42
75
25
24
74
1
14
2
24
671
57
289
0
83
0
398
229
242
1
0
0
1
4
22
1
0
0
0
0
0
0
0
1
0
0
0
0
0
1
0
0
0
0
0
0
0
0
0
0
0
35
0
0
0
18
0
0
4
20
0
0
0
0
0
45
0
0
12
0
0
0
0
0
0
0
0
0
0
0
0
0
0
0
0
0
0
0
0
0
0
0
0
0
0
0
0
0
0
0
0
0
0
6
3
37
2
47
4
58
7
13
2
6
83
1
2
81
1
0
475
3
19
2
1
2
8
0
0
0
0
0
0
0
0
0
0
0
0
0
0
0
0
0
0
0
0
0
0
0
0
0
0
0
0
0
0
0
0
0
0
0
0
0
0
0
0
0
0
0
0
0
0
1
0
0
0
0
0
0
0
0
0
0
0
0
0
0
0
0
0
0
0
0
0
0
0
0
0
0
0
0
0
0
0
0
0
0
0
0
0
0
0
0
0
0
0
0
0
0
0
0
0
0
0
0
0
0
0
0
0
0
0
0
0
0
0
0
0
0
0
0
0
0
0
0
0
0
0
0
0
0
0
0
0
0
0
0
0
0
0
0
0
0
0
0
0
0
0
0
0
0
0
0
0
0
2
0
0
0
0
0
0
0
0
0
0
0
0
0
0
0
0
0
0
0
0
0
0
0
0
0
0
0
0
0
0
0
0
0
0
0
0
0
0
0
0
0
0
0
0
0
0
0
0
0
0
0
0
0
0
0
0
0
0
0
0
0
0
0
0
0
0
0
0
0
0
0
0
0
0
0
0
0
0
0
0
0
0
0
0
0
0
1
1
0
0
0
0
0
0
0
0
0
0
0
1
0
0
0
0
0
0
0
0
0
0
0
0
0
0
0
0
0
0
0
0
0
0
0
0
0
0
0
0
0
0
0
0
0
0
0
0
0
0
0
0
0
0
0
0
0
0
0
0
0
0
0
0
0
0
0
0
0
0
0
0
0
0
0
0
0
0
0
0
0
0
0
0
0
0
0
0
0
0
0
0
0
0
0
0
0
0
0
0
0
0
0
0
0
0
0
0
0
0
0
0
0
0
0
0
0
0
0
0
0
0
0
0
0
0
0
0
0
0
0
0
0
0
0
0
0
0
0
0
0
0
0
0
0
0
0
0
0
0
0
0
0
0
0
0
0
0
0
0
0
0
0
0
0
0
0
0
0
1
0
0
0
0
0
0
0
0
0
0
0
0
0
0
0
0
0
0
0
0
0
0
0
0
0
0
0
0
0
0
0
0
0
0
0
0
0
0
0
0
0
0
0
0
0
0
0
0
0
0
0
0
0
0
0
0
1
0
0
0
0
0
1
0
0
0
0
0
0
0
0
0
0
0
0
0
0
0
0
0
0
0
0
0
0
0
0
0
0
0
0
0
0
0
0
0
0
0
0
0
0
0
0
0
0
0
0
0
0
0
0
0
0
0
0
0
0
0
0
0
0
0
0
0
0
0
0
0
0
0
0
0
0
0
0
0
0
0
0
0
1121
1
0
2
948
0
0
2
1411
0
0
0
1
0
121
0
0
1
0
0
5
0
0
0
22
0
0
0
0
0
0
0
0
0
0
0
0
0
0
0
0
0
0
0
0
0
0
0
0
0
0
0
0
0
0
0
0
0
0
0
0
0
0
0
0
0
0
0
0
0
0
0
0
0
0
0
0
0
0
0
0
0
0
0
0
0
0
0
0
0
0
0
0
0
0
0
0
0
0
0
0
0
0
0
0
0
0
0
0
0
0
0
0
0
0
0
0
0
0
0
0
0
0
0
0
0
0
0
0
0
0
0
0
0
0
0
0
0
0
0
0
0
0
0
0
0
0
0
0
0
0
0
0
0
0
0
13
1122
2415
1082
230
331
841
140
802
34
131
2081
1245
3212
72
2499
29
348
944
3662
211
473
246
132
194
144
365
0
0
1
247
0
0
1
440
0
0
98
2
1
425
0
0
110
3
0
153
0
3
0
19
0
296
0
0
0
410
0
3
1293
333
0
9
105
0
1
614
0
0
91
0
79
572
0
0
0
26
0
301
16
11
3
475
26
1
20
869
0
2
162
42
38
266
7
0
83
163
8
66
6
30
0
51
0
2067
536
1963
2103
765
740
623
311
597
91
51
943
955
1448
548
1197
102
790
3245
1612
114
609
291
121
62
13
109
5
1
2
188
3
1
3
135
0
0
113
5
1
120
1
0
53
3
0
174
1
2
0
5
0
409
0
0
0
508
0
1
40
437
0
1
56
1
3
199
0
0
111
4
0
110
0
2
0
91
0
322
0
0
0
373
0
0
0
277
0
0
0
0
0
277
0
0
0
0
0
38
0
1
0
173
0
3084
506
3342
1291
722
760
754
41
96
16
83
695
688
2953
1301
731
25
44
2167
1963
440
383
11
154
7
677
33
0
0
0
22
0
0
0
5
0
0
0
0
0
11
0
0
0
0
0
38
0
0
0
0
0
54
11
1
4
224
9
2
16
160
0
1
56
31
19
22
9
0
5
65
4
4
0
16
0
25
0
196
6
2
40
427
4
1
5
544
0
1
2
2
0
142
4
0
0
5
1
35
0
6
0
345
0
1232
6
4
0
575
15
1
13
871
0
1
43
1
13
699
9
0
3
8
7
123
0
7
0
60
0
588
31
11
4
503
31
7
10
657
0
2
48
59
11
180
17
0
4
41
29
107
0
21
0
26
0
508
606
1625
646
220
324
998
131
566
43
119
1002
1973
1792
997
2844
23
340
2028
1706
2268
423
505
160
87
98
197
0
0
0
289
0
0
686
195
0
0
133
3
4
371
0
0
258
20
37
133
0
4
0
13
0
0
0
0
0
0
0
0
0
0
0
0
0
0
0
0
0
0
0
0
0
82
0
0
0
0
0
500
0
0
0
926
0
1
463
689
0
1
1
1
2
473
0
0
0
0
0
194
0
2
0
366
0
336
1
82
4
789
1
0
541
526
0
23
42
37
13
373
140
10
0
3
358
189
0
39
0
29
0
490
24
12
3
911
34
17
999
1309
0
0
143
61
41
231
3
1
195
66
4
275
3
35
0
116
20
57
213
376
187
104
83
100
2
144
2
20
243
512
342
15
250
0
104
833
207
2
14
0
8
1
3
293
0
0
0
339
0
0
0
365
0
0
0
0
0
75
0
0
0
0
0
23
0
0
0
7
0
166
0
0
0
92
0
0
35
126
0
0
0
0
0
211
0
0
22
0
0
2
0
0
0
0
0
0
0
0
0
0
0
0
0
5
0
0
0
0
0
0
0
0
0
0
0
0
0
0
0
1
0
83
30
61
28
20
9
133
11
77
0
1
160
112
230
266
276
0
1
303
172
7
1
24
15
0
9
13
2
0
0
22
0
0
0
12
0
0
0
0
0
8
0
0
1
0
0
2
0
0
0
3
0
3
421
423
140
34
76
165
17
171
3
34
992
174
686
5
211
2
520
72
546
301
89
74
27
60
12
60
0
0
0
58
0
0
0
14
0
0
2
0
0
38
0
0
9
0
0
33
0
0
0
49
0
829
0
0
0
827
0
0
674
681
0
0
231
0
1
1541
0
0
844
0
0
561
0
0
0
58
0
24
0
0
0
38
0
0
0
31
0
0
0
0
0
36
0
0
10
0
0
4
0
0
0
0
0
340
84
486
634
250
89
63
49
179
10
15
690
1348
1006
67
386
98
1234
264
309
631
88
102
197
47
0
44
0
0
0
45
0
0
0
47
0
0
10
0
0
52
0
0
11
0
0
53
0
0
0
14
0
11
0
0
0
15
0
0
1
17
0
0
3
0
1
15
0
0
44
0
0
45
0
0
0
0
0
835
39
8
3
809
37
8
16
1689
0
10
304
152
287
563
25
1
199
7
29
101
2
47
0
69
0
1006
463
706
641
138
215
401
3
20
1
15
653
352
1147
1308
217
2
119
2418
1133
41
652
1
27
1
80
3
0
0
0
5
0
0
0
1
0
0
0
0
0
13
0
0
0
0
0
19
0
0
0
0
0
65
0
0
0
292
6
0
4
363
2
0
23
4
6
24
1
0
14
2
0
44
0
6
0
69
0
361
0
0
0
257
0
0
0
303
0
0
0
0
0
192
0
0
0
0
0
132
0
0
0
982
0
738
0
0
1
164
0
0
1
434
0
0
1
0
1
457
1
0
2
0
0
147
0
0
0
9
0
188
0
0
0
1043
0
0
0
108
0
0
0
0
0
150
0
0
0
0
3
63
0
0
0
2
0
98
110
451
162
39
45
143
26
102
7
20
776
952
820
71
558
3
707
141
201
225
52
42
27
9
13
607
3
0
0
1316
2
0
610
1034
0
0
381
0
6
1065
0
0
332
0
1
153
0
0
0
26
0
0
0
0
0
0
0
0
0
0
0
0
0
0
0
0
0
0
0
0
0
681
0
0
0
0
0
23
0
0
0
76
0
0
5
4
0
0
0
0
0
26
0
0
0
1
0
20
0
0
0
1
0
606
27
11
9
849
42
1
38
1608
1
2
275
57
298
540
24
1
14
5
21
279
0
47
0
103
0
2529
32
75
29
3378
105
17
414
3926
2
0
309
124
58
2266
72
0
3089
52
18
499
16
60
1
442
2
200
1821
223
49
45
124
86
2
94
1
12
760
269
163
26
1426
1
769
262
55
2
8
3
1
1
5
16
0
0
0
45
0
0
0
4
0
0
0
0
0
4
0
0
0
0
0
1
0
0
0
0
0
230
0
0
0
227
0
0
0
181
0
0
0
0
0
152
0
0
2
0
0
6
0
0
0
0
0
0
0
0
0
0
0
0
0
0
0
0
0
0
0
0
0
0
0
0
0
0
0
0
0
0
0
10
13
374
5
7
7
2
3
8
0
1
207
308
575
3
66
0
48
90
7
6
0
9
0
0
6
1
0
0
0
2
0
0
0
1
0
0
1
0
0
1
0
0
0
0
1
0
0
0
0
1
0
6
1416
749
131
146
72
479
82
609
4
149
2297
434
1678
10
425
8
1359
515
2058
195
88
54
220
53
13
53
0
0
0
32
0
0
0
24
0
0
19
0
0
66
0
0
56
0
0
29
0
0
0
1
0
44
0
0
0
10
0
0
873
4
0
1
21
0
0
48
0
0
29
0
0
11
0
0
0
15
1
10
0
0
0
7
0
0
0
16
0
0
0
0
0
39
0
0
9
0
0
2
0
3
0
2
0
521
99
449
2942
422
88
185
25
141
5
17
1292
672
2026
354
172
4
9420
784
461
82
30
70
68
17
8
42
0
0
0
12
0
0
0
43
0
0
29
0
0
45
0
0
7
0
0
289
0
0
0
0
0
32
0
0
0
36
0
0
0
4
0
0
11
0
1
10
0
0
18
0
0
12
0
0
0
0
0
957
32
15
24
3491
89
7
15
1490
0
3
181
188
95
1858
13
4
1263
72
9
317
3
117
0
820
0
1237
436
7224
662
299
718
415
48
18
3
48
992
643
3323
7919
426
38
236
2294
1109
82
2670
11
9
3
496
11
0
0
0
8
0
0
0
4
0
0
0
0
0
5
0
0
0
0
0
4
0
0
0
0
0
9
0
0
0
10
0
0
0
15
0
0
0
0
3
2
0
0
0
1
0
0
0
0
0
0
0
108
0
0
0
987
0
0
0
350
0
0
0
0
0
34
0
0
0
0
0
8
0
0
0
735
0
241
0
0
0
219
0
0
0
27
0
0
0
0
0
87
0
0
0
0
0
5
0
0
0
2
0
15
0
0
0
417
0
0
0
22
0
0
0
0
0
10
0
0
0
0
3
7
0
0
0
0
0
129
170
833
265
113
62
679
77
427
6
73
895
2096
1622
219
1128
6
3578
799
468
603
61
161
287
33
90
38
0
0
0
14
0
0
8
22
0
0
15
0
1
37
0
0
64
0
0
19
0
0
0
4
0
0
0
0
0
0
0
0
0
0
0
0
0
0
0
0
0
0
0
0
0
9
0
0
0
0
0
4278
0
0
0
1157
0
0
3
3892
0
0
0
0
0
3034
0
0
0
1
0
788
0
0
0
711
0
32
4
47
0
39
2
0
110
65
1
15
8
60
4
49
44
0
1
0
97
43
0
32
0
9
0
399
1
0
1
1352
2
1
23
541
0
0
300
2
3
276
0
0
97
9
0
52
3
3
0
128
0
389
310
58
240
37
56
24
1
79
0
15
367
343
288
114
103
2
1635
286
202
2
0
1
3
1
2
12
0
0
0
15
0
0
0
9
0
0
0
0
0
10
0
0
0
0
0
0
0
0
0
1
0
179
0
0
0
106
0
0
4
271
0
0
0
0
0
151
0
0
14
0
0
0
0
0
0
2
0
0
0
0
0
0
0
0
0
0
0
0
0
0
0
0
0
0
0
0
0
0
0
0
0
1
0
28
8
60
10
5
18
10
13
23
0
9
610
93
18
41
513
1
168
45
8
1
0
10
7
0
0
7
2
2
0
20
0
0
0
35
0
3
2
0
1
11
0
0
2
5
0
2
0
0
0
5
0
0
83
62
292
20
6
49
10
61
2
42
666
98
235
3
11
3
383
76
430
4
35
21
1
23
5
245
252
189
128
335
55
40
39
355
74
2
251
121
26
136
110
6
145
337
185
101
50
15
0
10
3
219
1
200
1
220
0
0
405
339
0
404
135
0
1
269
0
0
68
0
526
92
0
0
0
8
0
256
9
3
187
370
9
151
9
484
0
0
42
5
2
621
2
0
15
24
2
19
0
11
0
23
3
55
38
18
87
64
37
6
10
12
6
0
166
25
314
18
18
0
214
189
119
3
16
6
1
13
1
27
2
0
0
13
419
0
0
22
0
0
11
0
0
12
0
0
9
0
24
3
0
0
0
1
0
186
11
0
4
122
3
207
441
77
0
0
60
29
52
39
1
0
8
10
4
74
0
12
0
1
0
12
0
0
0
10
0
0
0
8
0
0
5
0
1
2
0
0
6
0
2
3
0
0
0
2
0
66
23
107
189
77
38
12
2
3
3
4
285
18
559
24
66
8
146
396
439
5
59
0
8
0
37
13
0
0
2
2
0
0
0
10
0
0
0
0
0
5
0
0
1
0
1
8
0
0
0
1
0
27
2
1
3
73
0
0
8
40
0
9
6
0
0
16
2
0
6
2
5
26
0
0
0
8
0
2825
59
146
59
543
156
140
2
829
0
45
766
108
282
652
466
1
7
182
1106
258
80
11
0
27
1
474
598
26
25
451
30
8
7
510
3
5
42
263
84
279
388
2
12
78
9
91
32
9
0
14
1
1109
665
2103
2897
953
732
767
405
1305
87
258
375
578
333
332
1087
83
880
1743
1616
97
212
373
2
35
14
4
7
9
61
0
0
3
2
19
0
1
17
13
12
0
15
0
115
44
59
263
2
1
0
15
3
134
56
41
12
1203
28
19
120
144
2
4
184
16
3
41
256
1
277
109
200
56
2
28
0
19
0
0
0
0
0
0
0
0
0
0
0
0
0
0
0
0
0
0
0
0
0
21
0
0
0
0
0
1329
283
184
122
1564
100
367
12
1465
5
72
142
97
456
797
168
6
380
307
228
236
137
17
0
158
13
234
20
296
1
673
2
3
490
667
0
113
786
8
663
68
142
15
2
312
1027
78
1
7
0
36
0
465
91
135
31
660
62
39
488
894
13
10
108
34
17
816
73
6
242
193
454
118
17
77
0
72
7
0
0
0
1
0
0
0
0
0
0
0
1
16
0
0
0
0
1
7
0
0
0
0
0
0
0
28
0
0
0
67
0
0
0
140
0
0
0
0
0
1
0
0
6
0
0
10
1
0
0
2
0
5
1
0
0
3
0
0
0
2
0
0
0
0
0
2
0
0
0
0
0
0
0
0
0
0
0
17
2
0
0
29
0
0
2
58
0
0
1
1
0
37
0
0
1
1
11
24
0
1
0
2
0
12
0
0
1
7
0
1
0
4
0
1
4
0
2
7
0
0
0
1
2
6
0
0
0
0
0
15
0
1
0
21
0
0
1
4
0
0
4
2
0
4
0
0
0
0
0
3
1
0
0
3
72
6
235
160
53
7
0
208
9
69
3
10
659
30
456
1
71
0
322
209
432
43
4
1
1
3
0
0
0
0
0
0
0
0
0
0
0
0
0
0
0
0
0
0
0
0
0
0
0
0
0
0
0
0
0
0
0
0
0
0
0
3
0
0
0
0
0
0
0
0
0
0
0
0
0
0
0
0
0
0
0
0
0
0
0
0
0
0
0
0
0
0
0
1
0
0
0
0
0
0
0
0
0
0
0
68
11
52
245
17
17
44
27
72
2
5
1097
75
1408
56
12
1
4234
340
147
4
1
18
34
63
0
0
0
0
0
0
0
0
0
0
0
0
0
0
0
0
0
0
0
0
0
0
0
0
0
0
0
0
0
0
0
0
0
0
1
0
0
0
0
0
0
0
0
0
0
0
0
0
0
0
0
0
0
0
0
0
0
0
0
0
0
0
0
0
0
0
0
0
0
0
0
0
0
0
0
0
0
0
0
318
68
412
251
114
41
114
3
9
3
16
306
20
627
191
58
1
221
650
505
22
125
0
8
1
32
0
0
0
0
0
0
0
0
0
0
0
0
0
0
0
0
0
0
0
0
0
0
0
0
0
0
0
0
0
0
0
0
0
2
0
0
0
0
0
0
0
0
0
0
0
0
0
0
0
0
0
0
0
0
0
0
2
0
0
0
1
0
0
0
0
0
0
0
0
0
0
0
0
0
0
0
1
0
0
0
0
0
0
0
0
0
0
0
0
0
0
0
0
0
0
0
0
0
0
0
0
0
0
0
3
0
0
0
0
0
0
0
1
0
0
0
0
0
0
0
0
0
0
0
0
0
0
0
0
0
1
1
182
12
7
1
22
0
87
0
34
476
39
48
5
10
1
252
25
83
109
15
49
1
29
0
0
0
0
0
0
0
0
0
0
0
0
0
0
0
0
0
0
0
0
0
0
0
0
0
0
0
0
0
0
0
0
0
0
0
0
0
0
0
0
0
0
0
0
0
0
0
0
0
0
0
0
0
9
1
0
0
3
0
0
0
6
0
0
0
0
0
14
0
0
0
0
0
0
0
0
0
0
0
0
1
0
0
0
0
0
1
0
0
5
0
0
0
0
0
0
0
1
0
0
0
0
0
0
0
0
0
0
0
0
0
0
0
0
0
0
0
0
0
0
0
0
0
0
0
0
0
0
0
0
0
0
0
0
1
4
0
2
0
1
0
0
219
8
2
0
0
0
16
16
1
0
0
0
0
0
0
0
0
0
0
6
0
0
0
1
0
0
1
0
0
0
0
0
0
0
0
0
0
0
0
4
0
0
0
0
0
0
0
0
0
0
0
0
0
0
0
0
0
0
0
0
0
0
0
0
0
0
0
0
0
0
0
0
0
0
0
0
0
0
0
0
0
0
0
0
0
0
0
0
0
0
0
0
0
4
3
0
0
0
1
0
5
6
0
0
3
0
3
0
0
0
0
0
0
1
0
5
0
0
0
0
0
0
0
0
0
0
0
0
0
0
0
0
0
2
0
0
0
0
0
1
0
0
0
0
0
3
102
25
60
8
22
111
16
125
1
71
240
46
204
0
19
0
930
185
239
23
48
7
41
369
6
29
0
0
0
33
0
0
0
13
0
0
1
0
0
32
0
0
12
0
0
10
0
1
0
1
0
7
0
0
0
2
0
0
5
2
0
0
2
0
0
5
0
0
5
0
0
4
0
0
0
0
0
5
0
0
0
40
0
0
0
12
0
0
11
0
4
17
0
0
12
1
0
4
0
1
0
18
0
261
35
1
175
521
6
7
3
106
1
4
247
2
50
0
8
0
496
76
35
0
3
0
0
4
2
12
0
0
0
2
1
0
0
14
0
0
11
0
0
13
0
0
0
0
0
25
0
0
0
0
0
9
0
0
0
1
0
0
2
3
0
0
2
0
0
1
0
0
9
0
0
1
0
0
0
0
0
120
0
0
0
264
0
0
0
412
0
0
0
0
0
84
0
0
0
0
0
17
0
0
0
8
0
4
2
62
63
31
74
76
0
1
0
3
164
33
668
0
20
0
81
595
304
0
15
2
6
2
21
0
0
0
0
0
0
0
0
0
0
0
0
0
0
1
0
0
0
0
0
0
0
0
0
0
0
2
2
0
0
18
0
0
1
23
0
0
1
0
5
0
0
0
1
0
0
0
0
7
0
6
0
17
1
0
2
133
3
1
1
80
0
0
6
1
1
4
1
0
1
7
1
1
0
2
0
32
0
54
0
0
0
16
0
0
0
4
0
0
0
0
0
9
0
0
0
0
0
0
0
0
0
0
0
6
12
9
3
102
15
5
10
58
0
0
35
5
6
2
3
0
5
42
14
2
0
19
0
17
0
8
12
6
10
13
10
7
0
1
0
5
55
214
61
506
5
0
1152
4
8
43
15
14
0
1
0
7
0
0
0
9
0
0
0
9
0
0
3
0
0
12
0
0
4
0
0
1
0
0
0
1
0
0
0
0
0
0
0
0
0
0
0
0
0
0
0
0
0
0
0
0
0
2
0
0
0
0
0
79
0
0
0
89
0
0
0
167
0
0
0
0
0
69
0
0
0
0
0
4
0
0
0
17
0
1
4
4
0
38
2
0
31
8
0
4
8
15
1
20
14
0
3
2
35
4
0
4
0
3
0
7
0
1
0
10
0
0
31
8
0
0
0
0
0
14
0
0
2
0
0
3
0
0
0
1
0
0
0
0
4
0
0
1
0
0
0
0
7
9
9
0
3
0
13
6
5
0
0
0
0
0
4
0
0
0
0
0
0
0
0
1
0
0
0
0
0
0
0
0
0
0
0
0
0
0
0
0
0
7
0
0
0
8
0
0
2
4
0
0
0
0
0
35
0
0
1
0
0
0
0
0
0
0
0
0
0
0
0
0
0
0
0
0
0
0
0
0
0
0
0
0
0
0
0
0
0
0
0
0
0
4
1
0
1
19
0
0
2
0
0
2
2
1
8
1
1
0
1
2
0
0
2
0
0
0
0
0
0
0
0
3
0
0
0
3
0
0
2
0
0
0
0
0
0
0
0
0
0
0
0
3
0
0
28
73
19
2
1
50
18
4
0
2
100
71
174
0
24
0
31
37
80
3
1
0
0
0
14
4
0
0
0
4
0
0
0
4
0
0
2
0
0
6
0
0
2
0
0
6
0
0
0
1
0
29
0
0
0
85
0
0
20
71
0
0
43
0
0
43
0
0
34
0
0
63
0
0
0
4
0
0
0
0
0
1
0
0
0
8
0
0
0
0
0
0
0
0
1
0
0
0
0
0
0
0
0
9
1
54
89
1
0
13
0
0
0
0
1
46
117
6
0
3
130
9
5
1
0
0
0
1
0
1
0
0
0
2
0
0
0
7
0
0
5
0
0
13
0
0
0
0
0
2
0
0
0
0
0
3
0
0
0
0
0
0
0
0
0
0
1
0
0
2
0
0
0
0
0
1
0
0
0
0
0
49
0
0
0
8
0
0
0
33
0
0
1
0
0
16
0
0
0
0
0
8
0
0
0
1
0
154
27
174
138
20
23
20
2
8
0
0
130
84
155
91
45
0
3
227
67
2
21
0
1
0
0
0
0
0
0
0
0
0
0
0
0
0
0
0
0
0
0
0
0
0
0
0
0
0
0
0
0
0
0
0
0
1
0
0
0
1
0
0
0
0
0
0
0
0
0
0
0
0
0
0
0
0
0
1
0
0
0
18
0
0
0
10
0
0
0
0
0
1
0
0
0
0
0
0
0
0
0
10
0
19
0
0
0
5
0
0
0
1
0
0
0
0
0
1
0
0
0
0
0
0
0
0
0
0
0
0
0
0
0
9
0
0
0
0
0
0
0
0
0
0
0
0
0
0
0
0
0
0
0
0
0
9
11
44
41
5
7
38
1
12
0
1
29
38
104
0
54
0
59
58
50
1
0
0
0
1
2
59
0
0
0
171
0
0
1
39
0
0
110
0
0
70
0
0
69
0
0
34
0
0
0
0
0
0
0
0
0
0
0
0
0
0
0
0
0
0
0
0
0
0
0
0
0
10
0
0
0
0
0
3
0
0
0
1
0
0
0
1
0
0
0
0
0
1
0
0
0
0
0
1
0
0
0
0
0
7
0
6
0
11
0
0
6
9
0
2
0
0
0
2
2
0
0
0
3
7
0
1
0
0
0
32
3
0
0
177
0
0
5
65
0
0
4
1
1
41
0
0
369
0
0
57
0
0
0
5
0
48
9
0
7
0
0
0
0
0
0
0
16
6
5
9
2
0
38
15
0
0
6
0
0
0
0
0
0
0
0
0
0
0
0
2
0
0
0
0
0
0
0
0
0
0
0
0
0
0
0
0
0
3
0
0
0
7
0
0
0
3
0
0
0
0
0
11
0
0
0
0
0
0
0
0
0
0
0
0
0
0
0
0
0
0
0
0
0
0
0
0
0
0
0
0
0
0
0
0
0
0
0
0
0
17
18
30
4
3
2
40
11
1
0
2
189
10
11
5
24
3
10
29
23
4
0
1
0
0
0
0
0
0
0
0
0
0
0
0
0
0
0
0
0
1
0
0
0
0
0
0
0
0
0
0
0
0
84
66
25
13
4
31
16
6
4
29
205
30
400
5
21
1
178
31
46
10
1
27
6
2
3
65
0
0
26
42
0
0
0
25
0
0
23
0
0
41
0
0
42
0
0
25
0
0
0
0
0
82
0
0
0
280
0
0
510
61
0
0
297
0
44
301
0
0
17
0
64
18
0
0
0
15
0
75
0
0
2
106
0
0
0
43
0
0
0
0
12
83
0
0
799
0
0
2
0
0
0
3
0
49
13
8
115
12
3
7
9
5
0
0
225
29
44
11
6
0
180
85
39
6
2
15
1
9
2
17
0
0
0
4
0
0
0
21
0
0
18
0
0
33
0
0
0
0
0
39
0
0
0
8
1
72
0
0
28
98
0
0
0
118
0
0
35
40
20
241
0
0
72
0
0
4
0
0
0
13
0
26
0
0
0
53
0
0
0
8
0
0
0
1
0
56
0
0
0
0
1
2
0
0
0
12
0
15
0
8
23
29
1
2
0
6
0
0
2
1
258
4
2
0
8
196
43
0
0
0
0
0
12
3
0
0
0
0
0
0
0
0
0
0
0
0
0
0
0
0
0
0
0
0
0
0
0
0
0
3
0
0
0
19
0
0
1
9
0
0
2
0
6
1
0
0
0
0
1
1
0
0
0
0
0
340
8
10
2
389
3
12
6
539
0
1
542
10
1
580
17
1
2
10
7
56
36
0
0
50
0
303
115
0
0
258
0
0
1
151
0
1
1
78
132
225
410
0
3
1
1
33
0
0
0
40
0
334
0
188
79
231
0
213
2
174
0
6
1
0
12
220
3
0
1
11
135
18
0
1
13
15
0
6
9
68
61
13
11
64
13
61
2
36
75
79
168
2
175
1
49
99
103
83
3
10
22
2
5
89
0
0
0
753
0
0
447
149
0
0
23
0
79
601
4
0
81
126
267
15
0
0
0
38
0
0
0
0
0
0
0
0
0
0
0
0
0
0
0
0
0
0
0
0
0
4
0
0
0
0
0
250
1
6
2
178
1
7
20
397
0
0
9
40
9
470
3
0
69
14
39
33
0
0
0
16
0
100
3
36
0
104
1
9
69
661
0
6
9
55
5
143
59
0
1
52
849
16
0
1
0
27
1
67
0
0
0
314
0
0
378
319
0
0
1
0
0
429
0
0
74
0
24
19
0
0
0
12
0
2
4
7
0
0
1
4
2
0
0
7
8
8
9
0
0
0
31
9
2
0
2
0
0
0
2
5
0
0
0
5
0
0
0
4
0
0
0
0
0
1
0
0
0
0
0
1
0
0
0
0
0
51
0
0
0
23
0
0
17
28
0
0
0
0
0
73
0
0
12
0
0
0
0
0
0
0
0
8
0
0
0
6
0
0
0
34
0
0
0
0
0
72
0
0
0
0
0
0
0
0
0
1
0
0
0
0
0
1
0
0
0
0
0
0
0
0
0
2
0
0
0
0
0
1
0
0
0
0
0
33
0
0
0
41
0
1
0
8
0
0
0
0
0
41
0
0
0
0
0
1
0
0
0
7
1
2
193
10
7
7
4
10
4
15
0
3
43
28
89
0
11
1
149
1
945
1
1
1
2
2
4
4
0
0
0
2
0
0
0
1
0
0
0
0
0
1
0
0
1
0
0
3
0
0
0
0
0
4
0
0
0
1
0
0
2
0
0
0
1
0
0
0
0
0
0
0
0
1
0
0
0
0
0
5
0
0
0
2
0
0
0
6
0
0
0
0
0
0
0
0
0
0
0
1
0
0
0
0
0
39
25
11
314
18
3
1
4
7
0
3
48
42
154
9
12
1
418
13
22
19
2
8
0
1
0
0
0
0
0
2
0
0
0
0
0
0
0
0
0
0
0
0
0
0
0
0
0
0
0
0
0
1
0
0
0
0
0
0
1
3
0
0
1
0
0
1
0
0
0
0
0
0
0
0
0
0
0
2
0
0
0
0
0
0
0
1
0
0
0
0
0
1
0
0
0
0
0
0
0
0
0
2
0
55
9
16
21
40
11
15
1
1
0
1
45
32
305
5
8
1
26
8
38
2
1
1
1
0
10
0
0
0
0
0
0
0
0
0
0
0
0
0
0
0
0
0
0
0
0
0
0
0
0
0
0
0
0
0
0
1
0
0
0
0
0
0
0
0
0
1
0
0
1
0
0
0
0
0
0
1
0
3
0
0
0
99
0
0
0
14
0
0
0
0
0
1
0
0
0
0
0
1
0
0
0
9
0
3
0
0
0
0
0
0
0
1
0
0
0
0
0
0
0
0
0
0
0
0
0
0
0
0
0
1
0
0
0
2
0
0
0
0
0
0
0
0
0
0
0
0
0
0
0
0
0
0
0
0
0
126
16
38
20
18
15
38
5
122
0
5
97
41
195
319
73
5
31
29
76
12
2
1
18
6
0
1
0
0
0
0
0
0
0
1
0
0
0
0
0
1
0
0
0
0
0
0
0
0
0
0
0
0
0
0
0
0
0
0
0
0
0
0
0
0
0
0
0
0
0
0
0
0
0
0
0
0
0
2
0
0
0
1
0
0
0
0
0
0
0
0
0
4
0
0
0
0
0
1
0
0
0
0
0
1
0
6
0
0
0
0
0
0
0
0
0
0
0
0
0
0
0
0
0
0
0
0
0
0
0
0
0
0
0
4
0
0
2
1
0
0
2
0
0
1
0
0
1
0
0
0
0
0
0
0
0
0
0
4
1
2
0
2
1
1
0
0
11
8
3
2
1
0
21
2
3
1
0
0
0
0
2
1
0
0
0
0
0
0
0
0
0
0
0
0
0
1
0
0
0
0
0
0
0
0
0
0
0
1
0
0
0
0
0
0
0
5
0
0
0
0
0
0
0
0
0
0
0
0
0
0
0
0
0
0
0
0
0
0
0
0
0
0
0
0
0
0
0
0
0
0
0
0
0
0
0
0
0
0
0
0
3
1
0
0
0
128
1
1
0
0
17
86
0
0
1
0
0
2
2
0
0
1
0
0
0
34
1
0
0
31
0
1
0
47
0
0
100
0
0
16
0
0
0
0
0
2
0
1
0
16
0
